5000 10000 20000 40000 60000 80000 100000 200000 300000 400000 500000 600000 700000 800000 900000 1000000 1250000 1500000 1750000 2000000 2250000 2500000 2750000 3000000 3250000 3500000 3750000 4000000 4250000 4500000 4750000 5000000 5250000 5500000 5750000 6000000 
2000 998 2000 1998 998 999 
3000 3001 3016 2001 1999 3001 
7997 5996 8994 4997 3997 4011 
17979 12991 19988 11994 6995 10008 
25989 20979 27000 16987 11992 15002 
38979 29995 46971 21998 17036 17992 
48987 38975 47986 27973 22002 24000 
118932 80957 87964 52972 41983 49971 
155908 122919 118931 83950 64978 68964 
246861 201868 155911 112935 96942 108944 
364789 282837 177896 163615 130924 134922 
349800 434439 275836 188900 144915 143915 
477726 400764 284695 203866 163919 164919 
514704 433761 249427 246871 187906 188890 
650558 437751 260846 262882 215909 221712 
621643 550425 285843 295829 252869 235878 
1213286 691143 481213 458572 349798 305839 
923289 865164 467714 436782 416151 365809 
1132493 1008689 568685 579397 459750 431751 
1845122 1392869 658642 842208 701355 674600 
2058626 1676349 892253 1074383 894129 679686 
3378946 1808947 925083 1043941 967276 886479 
2825664 2207237 1025654 1182701 1020178 852022 
2637789 2415856 1108496 1143561 1142500 994048 
3003374 2647914 1190318 1249946 1258830 1008883 
3468792 2975146 1229365 1387676 1374766 1087150 
4787099 3148027 1285845 1507004 1505424 1150962 
4047287 3344913 1492095 1550672 1676325 1235993 
3986651 3595357 1602018 1672901 1832609 1310584 
4443273 3783925 1798650 1779260 1898708 1388327 
4740620 3934119 1865610 1885548 2043858 1479301 
7399377 4231371 1981339 2015205 2184013 1539627 
6496912 4502379 2066077 2123842 2310935 1886571 
5875765 4548182 2036927 2198271 2468577 1973999 
7247440 4641914 2160828 2486482 2694012 1754999 
6004844 4910924 2387266 2305251 2705734 1797166 
